0 0.0627329 0.199427 0.125466 0.139313
0 0.616149 0.17271 0.0968944 0.166031
0 0.951553 0.413168 0.0944099 0.181298
0 0.970186 0.749046 0.0571429 0.215649
0 0.164596 0.203244 0.113043 0.120229
0 0.165217 0.173664 0.154037 0.179389
0 0.92236 0.650763 0.108075 0.19084
0 0.139752 0.84542 0.110559 0.255725
0 0.68323 0.164122 0.104348 0.122137
0 0.373913 0.164122 0.11677 0.187023
0 0.49441 0.224237 0.111801 0.120229
0 0.573292 0.226145 0.0732919 0.173664
0 0.951553 0.572519 0.0968944 0.225191
0 0.257143 0.370229 0.121739 0.114504
0 0.803106 0.181298 0.118012 0.137405
0 0.0627329 0.278626 0.125466 0.171756
0 0.887578 0.475191 0.0906832 0.118321
0 0.785714 0.311069 0.103106 0.122137
0 0.272671 0.208015 0.140373 0.148855
0 0.0391304 0.469466 0.0782609 0.118321
0 0.870186 0.369275 0.10559 0.185115
0 0.837267 0.258588 0.0869565 0.112595
0 0.737267 0.245229 0.132919 0.14313
0 0.458385 0.744275 0.161491 0.171756
0 0.588199 0.402672 0.125466 0.125954
0 0.130435 0.283397 0.13913 0.131679
0 0.742236 0.587786 0.142857 0.137405
0 0.152174 0.35687 0.142857 0.137405
0 0.840373 0.819656 0.165217 0.146947
0 0.704348 0.842557 0.149068 0.14313
0 0.19441 0.549618 0.12795 0.152672
0 0.127329 0.450382 0.122981 0.118321
0 0.0565217 0.653626 0.113043 0.166031
0 0.243478 0.295802 0.131677 0.129771
0 0.798758 0.399809 0.146584 0.139313
0 0.0509317 0.373092 0.101863 0.146947
0 0.640373 0.285305 0.100621 0.185115
0 0.855901 0.687023 0.151553 0.187023
0 0.698137 0.360687 0.121739 0.156489
0 0.519876 0.312977 0.162733 0.160305
0 0.730435 0.705153 0.156522 0.181298
0 0.830435 0.517176 0.147826 0.167939
0 0.242236 0.455153 0.151553 0.139313
0 0.66087 0.489504 0.16646 0.169847
0 0.361491 0.421756 0.144099 0.187023
0 0.613043 0.726145 0.182609 0.192748
0 0.4 0.293893 0.106832 0.179389
0 0.331056 0.269084 0.0807453 0.194656
0 0.514907 0.490458 0.170186 0.152672
0 0.0863354 0.549618 0.145342 0.167939
0 0.470186 0.594466 0.170186 0.177481
0 0.458385 0.398855 0.13913 0.137405
0 0.606211 0.590649 0.171429 0.158397
0 0.25528 0.807252 0.197516 0.187023
0 0.324224 0.544847 0.171429 0.185115
0 0.349068 0.681298 0.193789 0.167939
0 0.182609 0.673664 0.171429 0.171756
0 0.534783 0.844466 0.217391 0.181298
